373 974 780 551 583 915 350 414 927 885 464 675 824 879 750 511 612 815 756 584 838 942 81 856 90 790 561 935 641 172 968 459 724 91 823 59 201 837 296 278 811 755 938 34 547 321 506 474 383 5 767 80 326 961 954 424 634 199 61 772 913 105 74 2 976 543 708 8 715 449 638 135 168 381 886 853 841 127 594 378 18 46 380 732 657 948 752 504 165 115 662 13 729 998 908 991 926 114 597 384\nKO\n
859 556 529 419 902 567 515 355 629 128 186 181 894 385 751 336 607 989 230 323 641 58 66 973 459 839 210 561 664 259 833 381 723 5 522 121 471 786 243 922 328 563 245 357 182 292 474 847 964 613 746 68 624 249 898 468 975 855 81 62 998 830 732 477 632 513 470 851 947 362 907 941 145 879 143 267 298 810 320 734 988 809 703 649 246 920 737 54 92 866 696 146 718 299 150 511 835 198 705 61\nKO\n
585 194 39 725 142 649 238 975 232 819 172 670 620 437 216 19 580 557 365 766 636 420 663 961 62 150 11 361 681 661 244 391 651 84 465 367 450 890 102 854 963 283 429 549 94 660 316 526 342 900 97 279 566 707 757 852 625 89 442 385 605 595 610 761 969 240 360 125 197 319 65 925 742 398 924 400 637 987 968 703 755 173 981 926 846 856 619 535 545 738 222 28 908 481 947 584 242 208 183 498\nKO\n
258 255 743 925 293 302 561 857 584 194 60 484 271 849 608 493 5 891 615 147 53 344 813 118 14 955 537 656 256 931 755 910 663 846 620 458 548 432 560 80 945 890 733 700 666 977 119 199 122 645 230 856 57 713 776 810 469 585 874 861 479 40 879 377 550 818 3 456 107 13 976 482 383 595 951 862 546 908 732 419 491 284 471 110 365 440 877 144 973 28 345 135 980 517 31 797 318 800 724 215\nKO\n
632 453 935 392 902 283 934 581 175 199 457 783 321 876 452 790 450 916 285 231 348 384 639 370 897 516 360 703 298 292 483 616 611 565 761 889 857 832 1 202 375 543 104 290 521 41 26 210 193 772 996 150 801 588 674 331 484 984 685 6 358 35 690 982 673 664 702 573 161 917 279 289 893 587 132 262 541 575 494 103 86 162 978 383 8 188 490 936 534 794 112 9 870 510 48 716 105 699 197 245\nKO\n
238 244 190 808 243 84 591 540 98 641 770 383 563 62 215 587 418 397 123 760 777 386 372 451 239 686 208 874 31 864 989 583 61 681 714 624 740 934 951 898 834 453 845 166 359 117 174 712 509 435 751 849 579 431 721 882 381 198 673 368 722 779 803 948 286 744 639 839 816 749 508 535 910 38 573 568 996 846 374 967 255 321 272 626 302 288 735 387 107 787 176 955 734 430 362 531 715 506 199 894\nKO\n
310 20 205 676 975 26 50 531 78 469 66 822 55 49 973 789 238 562 779 953 790 533 425 270 319 448 744 163 47 114 34 861 815 947 185 543 360 308 109 390 535 135 398 85 405 664 629 910 586 394 449 424 418 879 182 234 456 104 300 184 378 549 87 407 608 620 848 157 277 335 317 726 59 107 704 183 976 106 572 764 767 995 180 471 384 624 233 82 710 295 803 609 960 373 808 724 444 778 940 559\nKO\n
875 947 470 978 463 95 422 262 615 645 250 819 69 546 722 251 352 201 239 300 833 909 114 258 845 43 508 260 965 834 416 738 60 397 50 671 218 393 402 82 673 899 915 90 207 912 716 324 587 24 339 695 25 223 612 800 538 981 147 409 332 678 377 105 386 322 730 793 654 574 113 775 407 278 22 843 726 832 984 9 628 802 2 732 66 524 281 801 755 493 846 821 33 196 411 125 992 337 894 426\nKO\n
281 354 285 741 461 997 616 139 749 684 72 719 287 167 71 711 164 698 966 933 512 624 599 829 388 638 914 572 752 765 399 334 947 504 586 202 313 656 188 970 74 787 763 448 130 906 643 939 15 462 816 142 845 255 153 726 390 259 922 379 696 165 456 317 527 290 300 501 189 146 887 274 799 502 49 224 940 12 823 894 873 144 699 276 995 292 646 8 103 916 819 438 529 393 993 629 75 952 261 294\nKO\n
163 63 611 252 11 446 295 99 757 969 984 143 789 534 133 590 102 428 512 339 147 230 977 744 599 965 652 306 587 142 855 778 231 735 776 921 802 920 790 683 318 340 453 883 196 35 191 591 633 731 978 204 132 885 28 852 426 324 851 362 985 806 953 319 358 495 364 535 755 220 100 401 74 826 747 930 800 858 368 849 831 337 779 931 479 27 968 255 910 314 508 55 660 980 546 438 334 179 992 342\nKO\n
251 870 467 476 140 502 240 587 551 511 662 269 738 135 562 528 480 170 300 498 145 239 519 72 213 399 217 464 328 650 865 221 17 79 688 785 385 313 346 782 557 448 932 772 236 727 22 378 127 589 951 986 818 807 775 630 181 826 417 978 576 706 110 362 879 628 510 34 940 763 661 577 302 862 712 993 871 668 474 143 329 664 703 301 304 914 592 947 308 153 29 730 844 837 366 794 675 442 590 713\nKO\n
964 220 796 958 730 34 44 239 775 299 201 980 576 251 992 319 788 271 97 690 58 758 487 549 304 333 785 914 425 927 783 942 978 478 26 130 270 564 290 18 179 556 265 954 469 941 40 409 74 940 532 747 936 745 213 75 615 169 452 565 668 845 387 170 354 329 110 620 288 574 530 743 98 441 716 772 873 275 159 322 466 38 893 929 933 842 190 607 778 323 537 20 524 52 889 191 252 49 755 109\nKO\n
462 842 2 88 55 859 358 933 693 741 871 387 939 324 360 421 145 466 671 94 934 98 776 449 976 57 248 751 969 341 814 104 880 692 791 698 372 548 424 388 271 111 937 580 622 503 666 720 840 373 632 807 711 235 559 875 954 124 726 821 440 276 39 586 538 501 948 300 920 397 471 406 343 109 512 437 763 319 395 485 504 858 881 865 812 955 617 391 404 99 224 433 925 217 614 541 467 755 610 149\nKO\n
660 386 667 591 917 927 337 30 446 656 579 400 753 424 251 222 583 312 409 183 804 102 505 191 618 920 83 34 830 306 76 980 477 626 429 919 909 200 794 803 194 347 294 114 154 359 937 853 482 392 985 195 562 691 627 727 642 993 141 328 209 581 360 185 440 851 420 602 760 11 990 20 882 861 250 271 553 187 134 540 548 170 787 365 608 218 372 878 35 5 94 431 457 964 558 697 215 481 922 371\nKO\n
389 412 222 178 488 537 597 599 604 845 390 410 75 18 118 403 159 80 374 150 895 50 130 35 136 745 413 283 53 81 579 342 105 967 835 370 751 451 610 135 325 376 64 809 457 564 147 38 704 33 320 312 618 426 840 76 893 483 257 416 339 772 139 298 209 913 107 206 236 656 406 972 260 785 911 315 756 217 432 927 758 906 856 95 417 892 554 718 563 126 762 715 683 855 354 798 512 920 321 317\nKO\n
393 604 858 230 101 594 754 831 510 12 23 133 876 187 467 895 62 549 136 648 441 413 15 921 680 689 3 796 727 930 986 798 611 164 472 928 342 579 57 795 302 568 451 115 516 351 751 91 277 695 71 807 77 868 217 990 233 463 399 345 672 419 641 784 95 667 832 284 234 312 540 978 770 710 5 558 937 612 357 596 791 738 538 600 729 370 41 96 748 67 227 755 701 198 849 358 501 717 741 52\nKO\n
458 369 112 375 870 698 578 657 757 515 295 681 765 275 87 855 336 232 373 382 571 922 148 546 367 338 872 128 885 68 963 101 650 829 255 4 543 470 484 689 982 559 962 66 145 919 582 706 435 857 545 744 668 514 929 526 644 994 766 940 207 750 844 714 883 35 31 920 626 713 632 358 964 599 932 457 180 736 794 405 836 517 5 624 677 347 303 865 114 372 826 13 208 682 466 215 704 770 903 537\nKO\n
271 628 900 729 711 21 236 872 223 320 512 677 116 227 7 829 624 335 85 414 866 340 797 847 2 430 114 225 386 874 629 561 167 446 209 988 189 471 935 977 150 350 863 213 749 431 160 191 682 590 661 616 394 87 794 952 981 388 196 686 483 149 288 110 627 415 972 13 568 416 101 701 242 22 522 820 25 965 520 421 540 744 435 858 604 384 212 144 396 983 5 865 265 145 113 197 655 409 735 140\nKO\n
757 974 532 253 547 314 15 988 416 2 905 697 839 892 123 79 651 128 648 566 185 500 754 653 409 594 464 664 121 743 113 61 698 6 393 762 728 962 875 395 884 115 824 682 445 338 961 526 699 781 261 882 114 16 618 840 209 130 926 675 161 26 958 912 18 613 689 433 103 636 535 131 968 779 254 256 795 919 329 545 462 37 537 986 502 983 330 599 589 263 337 834 88 229 469 204 609 179 831 496\nKO\n
211 523 981 873 879 340 977 534 999 423 579 160 910 214 48 138 84 62 614 39 867 519 487 742 240 4 896 290 499 958 667 337 665 320 521 321 730 897 313 501 908 159 546 914 57 513 7 952 568 440 668 37 781 544 939 750 688 504 741 187 773 766 172 1000 82 479 288 743 929 149 785 312 380 702 123 298 271 943 946 656 805 911 915 424 708 855 960 182 86 278 476 284 641 51 295 317 507 893 935 630\nKO\n
